scene:
	camera: 0.0 -20.0 250.0 0.0
	screen:	1000 800

object:
	cylinder:
		pos: 0.00001 0.00001 0.00001
		rayon: 75.0
		rgb: 0x0000FF
	sphere:
		pos: 0.0 0.0 0.0
		rgb: 0xFF0000
